Time	Combined adopter fraction[eu]	Adopter Fraction[eu,p1]	Adopter Fraction[eu,p2]	Adopter Fraction[sp,p1]	Adopter Fraction[sp,p2]
0	0	0	0	0	0
0.0625	0.0003125	0.0003125	0	0.0003125	0.0003125
0.125	0.000605538	0.00060552	1.85724e-008	0.000605501	0.000605501
0.1875	0.00119283	0.000880442	0.000312385	0.00119268	0.00119268
0.25	0.00174419	0.00113869	0.0006055	0.00174349	0.00174349
0.3125	0.00226239	0.00138159	0.000880799	0.00226053	0.00226053
0.375	0.0027501	0.00161047	0.00113963	0.00274628	0.00274628
0.4375	0.00320999	0.00182669	0.00138331	0.00320314	0.00320314
0.5	0.00364483	0.00203167	0.00161316	0.00363342	0.00363342
0.5625	0.00405744	0.0022269	0.00183055	0.0040394	0.0040394
0.625	0.00445082	0.00241396	0.00203686	0.00442331	0.00442331
0.6875	0.00482808	0.00259451	0.00223356	0.00478728	0.00478728
0.75	0.00519243	0.00277028	0.00242215	0.00513338	0.00513338
0.8125	0.00554725	0.00294306	0.00260419	0.0054636	0.0054636
0.875	0.00589596	0.00311467	0.00278129	0.00577984	0.00577984
0.9375	0.00624203	0.00328693	0.00295511	0.00608389	0.00608389
1	0.00658894	0.00346164	0.0031273	0.00637748	0.00637748
1.0625	0.0069401	0.00364057	0.00329953	0.00666225	0.00666225
1.125	0.00729881	0.00382537	0.00347344	0.00693976	0.00693976
1.1875	0.00766826	0.00401763	0.00365063	0.00721151	0.00721151
1.25	0.00805144	0.00421882	0.00383262	0.00747894	0.00747894
1.3125	0.00845119	0.00443034	0.00402085	0.00774346	0.00774346
1.375	0.00887018	0.00465348	0.0042167	0.00800642	0.00800642
1.4375	0.0093109	0.00488945	0.00442144	0.00826917	0.00826917
1.5	0.00977571	0.00513944	0.00463627	0.00853302	0.00853302
1.5625	0.0102669	0.00540456	0.00486233	0.00879928	0.00879928
1.625	0.0107866	0.00568594	0.00510069	0.00906928	0.00906928
1.6875	0.0113371	0.00598468	0.00535239	0.00934432	0.00934432
1.75	0.0119204	0.00630195	0.00561845	0.00962576	0.00962576
1.8125	0.0125388	0.00663892	0.00589987	0.00991497	0.00991497
1.875	0.0131945	0.00699686	0.00619768	0.0102134	0.0102134
1.9375	0.01389	0.0073771	0.00651295	0.0105224	0.0105224
2	0.0146279	0.0077811	0.00684675	0.0108436	0.0108436
2.0625	0.0154107	0.00821044	0.00720027	0.0111785	0.0111785
2.125	0.0162416	0.00866684	0.00757475	0.0115289	0.0115289
2.1875	0.0171237	0.0091522	0.00797154	0.0118966	0.0118966
2.25	0.0180607	0.00966862	0.00839209	0.0122834	0.0122834
2.3125	0.0190564	0.0102184	0.00883801	0.0126915	0.0126915
2.375	0.0201153	0.0108042	0.00931104	0.0131231	0.0131231
2.4375	0.021242	0.0114288	0.00981314	0.0135806	0.0135806
2.5	0.0224419	0.0120955	0.0103464	0.0140668	0.0140668
2.5625	0.023721	0.0128077	0.0109132	0.0145846	0.0145846
2.625	0.0250858	0.0135696	0.0115163	0.0151372	0.0151372
2.6875	0.0265438	0.0143855	0.0121583	0.0157283	0.0157283
2.75	0.0281033	0.0152605	0.0128428	0.0163618	0.0163618
2.8125	0.0297733	0.0162002	0.0135731	0.0170422	0.0170422
2.875	0.0315643	0.0172109	0.0143534	0.0177745	0.0177745
2.9375	0.0334879	0.0182998	0.0151881	0.0185644	0.0185644
3	0.0355571	0.0194748	0.0160823	0.0194183	0.0194183
3.0625	0.0377866	0.0207451	0.0170415	0.0203431	0.0203431
3.125	0.0401929	0.0221209	0.0180721	0.0213472	0.0213472
3.1875	0.0427947	0.0236137	0.019181	0.0224397	0.0224397
3.25	0.045613	0.0252369	0.0203762	0.0236311	0.0236311
3.3125	0.0486716	0.0270052	0.0216664	0.0249334	0.0249334
3.375	0.0519975	0.0289359	0.0230616	0.0263602	0.0263602
3.4375	0.0556209	0.0310481	0.0245729	0.0279272	0.0279272
3.5	0.0595766	0.033364	0.0262126	0.0296525	0.0296525
3.5625	0.0639035	0.0359087	0.0279949	0.0315567	0.0315567
3.625	0.068646	0.0387109	0.0299351	0.0336637	0.0336637
3.6875	0.0738541	0.0418034	0.0320507	0.036001	0.036001
3.75	0.0795845	0.0452234	0.0343611	0.0386004	0.0386004
3.8125	0.0859012	0.0490135	0.0368877	0.0414987	0.0414987
3.875	0.0928763	0.053222	0.0396543	0.0447384	0.0447384
3.9375	0.10059	0.0579038	0.0426867	0.0483687	0.0483687
4	0.109134	0.0631209	0.0460133	0.0524468	0.0524468
4.0625	0.118051	0.0686649	0.0493862	0.0564465	0.0564465
4.125	0.127947	0.0748561	0.0530905	0.0609893	0.0609893
4.1875	0.138937	0.0817781	0.0571585	0.0661564	0.0661564
4.25	0.151147	0.0895239	0.0616233	0.0720417	0.0720417
4.3125	0.164713	0.098195	0.0665184	0.0787538	0.0787538
4.375	0.179778	0.107902	0.0718762	0.0864178	0.0864178
4.4375	0.196487	0.118761	0.0777264	0.095177	0.095177
4.5	0.214989	0.130895	0.0840939	0.105195	0.105195
4.5625	0.235422	0.144426	0.0909964	0.116655	0.116655
4.625	0.257915	0.159474	0.0984415	0.129766	0.129766
4.6875	0.28257	0.176147	0.106423	0.144755	0.144755
4.75	0.309455	0.194536	0.114919	0.16187	0.16187
4.8125	0.338591	0.214703	0.123887	0.181374	0.181374
4.875	0.369936	0.236672	0.133264	0.203538	0.203538
4.9375	0.403378	0.260414	0.142964	0.228626	0.228626
5	0.438723	0.285842	0.15288	0.25688	0.25688
5.0625	0.475688	0.312801	0.162887	0.288495	0.288495
5.125	0.513905	0.341061	0.172844	0.323585	0.323585
5.1875	0.552928	0.370322	0.182606	0.36215	0.36215
5.25	0.592248	0.400219	0.192029	0.404037	0.404037
5.3125	0.631319	0.430338	0.200981	0.448902	0.448902
5.375	0.669583	0.460237	0.209346	0.496188	0.496188
5.4375	0.706507	0.48947	0.217037	0.545123	0.545123
5.5	0.741608	0.517614	0.223994	0.594747	0.594747
5.5625	0.774461	0.544253	0.230208	0.64393	0.64393
5.625	0.804725	0.569014	0.235711	0.691478	0.691478
5.6875	0.832185	0.591638	0.240548	0.736292	0.736292
5.75	0.856752	0.611979	0.244773	0.77748	0.77748
5.8125	0.878446	0.63	0.248446	0.814429	0.814429
5.875	0.897377	0.64575	0.251627	0.846834	0.846834
5.9375	0.913725	0.659348	0.254378	0.874676	0.874676
6	0.927713	0.670957	0.256755	0.898166	0.898166
6.0625	0.939584	0.680771	0.258813	0.917676	0.917676
6.125	0.949591	0.68899	0.260601	0.933669	0.933669
6.1875	0.957977	0.695816	0.262161	0.946636	0.946636
6.25	0.964969	0.701437	0.263532	0.957056	0.957056
6.3125	0.970775	0.706028	0.264748	0.965371	0.965371
6.375	0.975579	0.709741	0.265837	0.971965	0.971965
6.4375	0.979552	0.712737	0.266816	0.977189	0.977189
6.5	0.982843	0.71515	0.267693	0.981329	0.981329
6.5625	0.985572	0.717091	0.268481	0.984616	0.984616
6.625	0.987839	0.718652	0.269187	0.987233	0.987233
6.6875	0.989727	0.719906	0.269821	0.989322	0.989322
6.75	0.991303	0.720911	0.270391	0.990996	0.990996
6.8125	0.99262	0.721716	0.270904	0.992343	0.992343
6.875	0.993725	0.722358	0.271367	0.99343	0.99343
6.9375	0.994652	0.722868	0.271785	0.994312	0.994312
7	0.995434	0.72327	0.272163	0.995031	0.995031
7.0625	0.996093	0.723586	0.272507	0.995619	0.995619
7.125	0.99665	0.723831	0.272819	0.996102	0.996102
7.1875	0.997123	0.724018	0.273105	0.996501	0.996501
7.25	0.997524	0.724158	0.273366	0.996833	0.996833
7.3125	0.997866	0.72426	0.273606	0.997109	0.997109
7.375	0.998157	0.724331	0.273826	0.997341	0.997341
7.4375	0.998406	0.724376	0.27403	0.997537	0.997537
7.5	0.998619	0.7244	0.274219	0.997704	0.997704
7.5625	0.998802	0.724407	0.274395	0.997846	0.997846
7.625	0.998959	0.724401	0.274558	0.997969	0.997969
7.6875	0.999094	0.724383	0.274711	0.998076	0.998076
7.75	0.99921	0.724356	0.274854	0.998169	0.998169
7.8125	0.999311	0.724322	0.274989	0.998251	0.998251
7.875	0.999398	0.724282	0.275116	0.998324	0.998324
7.9375	0.999473	0.724238	0.275235	0.99839	0.99839
8	0.999539	0.72419	0.275349	0.99845	0.99845
8.0625	0.999595	0.724138	0.275457	0.998504	0.998504
8.125	0.999645	0.724085	0.27556	0.998554	0.998554
8.1875	0.999688	0.72403	0.275658	0.998601	0.998601
8.25	0.999725	0.723974	0.275751	0.998645	0.998645
8.3125	0.999758	0.723917	0.275841	0.998686	0.998686
8.375	0.999787	0.723859	0.275927	0.998725	0.998725
8.4375	0.999812	0.723802	0.27601	0.998763	0.998763
8.5	0.999834	0.723744	0.27609	0.998799	0.998799
8.5625	0.999853	0.723686	0.276167	0.998833	0.998833
8.625	0.99987	0.723628	0.276242	0.998866	0.998866
8.6875	0.999885	0.723571	0.276314	0.998899	0.998899
8.75	0.999898	0.723514	0.276384	0.99893	0.99893
8.8125	0.999909	0.723458	0.276451	0.998961	0.998961
8.875	0.99992	0.723402	0.276517	0.99899	0.99899
8.9375	0.999929	0.723347	0.276581	0.999019	0.999019
9	0.999936	0.723293	0.276644	0.999047	0.999047
9.0625	0.999943	0.723239	0.276705	0.999075	0.999075
9.125	0.99995	0.723186	0.276764	0.999102	0.999102
9.1875	0.999955	0.723133	0.276822	0.999128	0.999128
9.25	0.99996	0.723081	0.276879	0.999153	0.999153
9.3125	0.999964	0.72303	0.276934	0.999178	0.999178
9.375	0.999968	0.72298	0.276988	0.999201	0.999201
9.4375	0.999972	0.72293	0.277041	0.999225	0.999225
9.5	0.999975	0.722881	0.277093	0.999247	0.999247
9.5625	0.999977	0.722833	0.277144	0.999269	0.999269
9.625	0.99998	0.722785	0.277194	0.999291	0.999291
9.6875	0.999982	0.722738	0.277243	0.999311	0.999311
9.75	0.999984	0.722692	0.277292	0.999331	0.999331
9.8125	0.999985	0.722646	0.277339	0.999351	0.999351
9.875	0.999987	0.722601	0.277385	0.999369	0.999369
9.9375	0.999988	0.722557	0.277431	0.999388	0.999388
10	0.999989	0.722513	0.277476	0.999405	0.999405
10.0625	0.99999	0.72247	0.27752	0.999422	0.999422
10.125	0.999991	0.722428	0.277564	0.999438	0.999438
10.1875	0.999992	0.722386	0.277607	0.999454	0.999454
10.25	0.999993	0.722344	0.277649	0.999469	0.999469
10.3125	0.999994	0.722303	0.277691	0.999484	0.999484
10.375	0.999994	0.722263	0.277732	0.999498	0.999498
10.4375	0.999995	0.722223	0.277772	0.999512	0.999512
10.5	0.999995	0.722184	0.277812	0.999525	0.999525
10.5625	0.999996	0.722145	0.277851	0.999538	0.999538
10.625	0.999996	0.722107	0.27789	0.99955	0.99955
10.6875	0.999997	0.722069	0.277928	0.999561	0.999561
10.75	0.999997	0.722031	0.277966	0.999573	0.999573
10.8125	0.999997	0.721994	0.278003	0.999584	0.999584
10.875	0.999997	0.721958	0.278039	0.999594	0.999594
10.9375	0.999998	0.721922	0.278076	0.999604	0.999604
11	0.999998	0.721886	0.278111	0.999614	0.999614
11.0625	0.999998	0.721851	0.278147	0.999624	0.999624
11.125	0.999998	0.721817	0.278182	0.999633	0.999633
11.1875	0.999998	0.721782	0.278216	0.999642	0.999642
11.25	0.999999	0.721748	0.27825	0.99965	0.99965
11.3125	0.999999	0.721715	0.278284	0.999658	0.999658
11.375	0.999999	0.721682	0.278317	0.999666	0.999666
11.4375	0.999999	0.721649	0.27835	0.999674	0.999674
11.5	0.999999	0.721616	0.278383	0.999681	0.999681
11.5625	0.999999	0.721584	0.278415	0.999688	0.999688
11.625	0.999999	0.721553	0.278446	0.999695	0.999695
11.6875	0.999999	0.721521	0.278478	0.999702	0.999702
11.75	0.999999	0.72149	0.278509	0.999708	0.999708
11.8125	0.999999	0.72146	0.27854	0.999714	0.999714
11.875	0.999999	0.721429	0.27857	0.99972	0.99972
11.9375	0.999999	0.721399	0.2786	0.999726	0.999726
12	0.999999	0.72137	0.27863	0.999732	0.999732
12.0625	1	0.72134	0.278659	0.999737	0.999737
12.125	1	0.721311	0.278688	0.999743	0.999743
12.1875	1	0.721282	0.278717	0.999748	0.999748
12.25	1	0.721254	0.278746	0.999753	0.999753
12.3125	1	0.721226	0.278774	0.999757	0.999757
12.375	1	0.721198	0.278802	0.999762	0.999762
12.4375	1	0.72117	0.27883	0.999767	0.999767
12.5	1	0.721143	0.278857	0.999771	0.999771
12.5625	1	0.721116	0.278884	0.999775	0.999775
12.625	1	0.721089	0.278911	0.999779	0.999779
12.6875	1	0.721062	0.278938	0.999783	0.999783
12.75	1	0.721036	0.278964	0.999787	0.999787
12.8125	1	0.72101	0.27899	0.999791	0.999791
12.875	1	0.720984	0.279016	0.999795	0.999795
12.9375	1	0.720958	0.279042	0.999798	0.999798
13	1	0.720933	0.279067	0.999802	0.999802
13.0625	1	0.720908	0.279092	0.999805	0.999805
13.125	1	0.720883	0.279117	0.999808	0.999808
13.1875	1	0.720858	0.279142	0.999812	0.999812
13.25	1	0.720834	0.279166	0.999815	0.999815
13.3125	1	0.72081	0.27919	0.999818	0.999818
13.375	1	0.720785	0.279214	0.999821	0.999821
13.4375	1	0.720762	0.279238	0.999824	0.999824
13.5	1	0.720738	0.279262	0.999826	0.999826
13.5625	1	0.720715	0.279285	0.999829	0.999829
13.625	1	0.720692	0.279308	0.999832	0.999832
13.6875	1	0.720669	0.279331	0.999834	0.999834
13.75	1	0.720646	0.279354	0.999837	0.999837
13.8125	1	0.720623	0.279377	0.999839	0.999839
13.875	1	0.720601	0.279399	0.999842	0.999842
13.9375	1	0.720579	0.279421	0.999844	0.999844
14	1	0.720557	0.279443	0.999846	0.999846
14.0625	1	0.720535	0.279465	0.999849	0.999849
14.125	1	0.720513	0.279487	0.999851	0.999851
14.1875	1	0.720492	0.279508	0.999853	0.999853
14.25	1	0.72047	0.27953	0.999855	0.999855
14.3125	1	0.720449	0.279551	0.999857	0.999857
14.375	1	0.720428	0.279572	0.999859	0.999859
14.4375	1	0.720407	0.279593	0.999861	0.999861
14.5	1	0.720387	0.279613	0.999863	0.999863
14.5625	1	0.720366	0.279634	0.999865	0.999865
14.625	1	0.720346	0.279654	0.999867	0.999867
14.6875	1	0.720326	0.279674	0.999868	0.999868
14.75	1	0.720306	0.279694	0.99987	0.99987
14.8125	1	0.720286	0.279714	0.999872	0.999872
14.875	1	0.720266	0.279734	0.999874	0.999874
14.9375	1	0.720247	0.279753	0.999875	0.999875
15	1	0.720227	0.279773	0.999877	0.999877
15.0625	1	0.720208	0.279792	0.999878	0.999878
15.125	1	0.720189	0.279811	0.99988	0.99988
15.1875	1	0.72017	0.27983	0.999881	0.999881
15.25	1	0.720151	0.279849	0.999883	0.999883
15.3125	1	0.720133	0.279867	0.999884	0.999884
15.375	1	0.720114	0.279886	0.999886	0.999886
15.4375	1	0.720096	0.279904	0.999887	0.999887
15.5	1	0.720077	0.279923	0.999888	0.999888
15.5625	1	0.720059	0.279941	0.99989	0.99989
15.625	1	0.720041	0.279959	0.999891	0.999891
15.6875	1	0.720023	0.279977	0.999892	0.999892
15.75	1	0.720006	0.279994	0.999894	0.999894
15.8125	1	0.719988	0.280012	0.999895	0.999895
15.875	1	0.71997	0.28003	0.999896	0.999896
15.9375	1	0.719953	0.280047	0.999897	0.999897
16	1	0.719936	0.280064	0.999898	0.999898
16.0625	1	0.719919	0.280081	0.9999	0.9999
16.125	1	0.719902	0.280098	0.999901	0.999901
16.1875	1	0.719885	0.280115	0.999902	0.999902
16.25	1	0.719868	0.280132	0.999903	0.999903
16.3125	1	0.719851	0.280149	0.999904	0.999904
16.375	1	0.719835	0.280165	0.999905	0.999905
16.4375	1	0.719818	0.280182	0.999906	0.999906
16.5	1	0.719802	0.280198	0.999907	0.999907
16.5625	1	0.719786	0.280214	0.999908	0.999908
16.625	1	0.71977	0.28023	0.999909	0.999909
16.6875	1	0.719754	0.280246	0.99991	0.99991
16.75	1	0.719738	0.280262	0.999911	0.999911
16.8125	1	0.719722	0.280278	0.999912	0.999912
16.875	1	0.719706	0.280294	0.999913	0.999913
16.9375	1	0.71969	0.28031	0.999914	0.999914
17	1	0.719675	0.280325	0.999914	0.999914
17.0625	1	0.71966	0.28034	0.999915	0.999915
17.125	1	0.719644	0.280356	0.999916	0.999916
17.1875	1	0.719629	0.280371	0.999917	0.999917
17.25	1	0.719614	0.280386	0.999918	0.999918
17.3125	1	0.719599	0.280401	0.999919	0.999919
17.375	1	0.719584	0.280416	0.999919	0.999919
17.4375	1	0.719569	0.280431	0.99992	0.99992
17.5	1	0.719554	0.280446	0.999921	0.999921
17.5625	1	0.71954	0.28046	0.999922	0.999922
17.625	1	0.719525	0.280475	0.999923	0.999923
17.6875	1	0.719511	0.280489	0.999923	0.999923
17.75	1	0.719496	0.280504	0.999924	0.999924
17.8125	1	0.719482	0.280518	0.999925	0.999925
17.875	1	0.719468	0.280532	0.999925	0.999925
17.9375	1	0.719454	0.280546	0.999926	0.999926
18	1	0.71944	0.28056	0.999927	0.999927
18.0625	1	0.719426	0.280574	0.999927	0.999927
18.125	1	0.719412	0.280588	0.999928	0.999928
18.1875	1	0.719398	0.280602	0.999929	0.999929
18.25	1	0.719384	0.280616	0.999929	0.999929
18.3125	1	0.719371	0.280629	0.99993	0.99993
18.375	1	0.719357	0.280643	0.999931	0.999931
18.4375	1	0.719344	0.280656	0.999931	0.999931
18.5	1	0.71933	0.28067	0.999932	0.999932
18.5625	1	0.719317	0.280683	0.999933	0.999933
18.625	1	0.719304	0.280696	0.999933	0.999933
18.6875	1	0.71929	0.28071	0.999934	0.999934
18.75	1	0.719277	0.280723	0.999934	0.999934
18.8125	1	0.719264	0.280736	0.999935	0.999935
18.875	1	0.719251	0.280749	0.999935	0.999935
18.9375	1	0.719238	0.280762	0.999936	0.999936
19	1	0.719226	0.280774	0.999936	0.999936
19.0625	1	0.719213	0.280787	0.999937	0.999937
19.125	1	0.7192	0.2808	0.999938	0.999938
19.1875	1	0.719188	0.280812	0.999938	0.999938
19.25	1	0.719175	0.280825	0.999939	0.999939
19.3125	1	0.719163	0.280837	0.999939	0.999939
19.375	1	0.71915	0.28085	0.99994	0.99994
19.4375	1	0.719138	0.280862	0.99994	0.99994
19.5	1	0.719126	0.280874	0.999941	0.999941
19.5625	1	0.719113	0.280887	0.999941	0.999941
19.625	1	0.719101	0.280899	0.999942	0.999942
19.6875	1	0.719089	0.280911	0.999942	0.999942
19.75	1	0.719077	0.280923	0.999942	0.999942
19.8125	1	0.719065	0.280935	0.999943	0.999943
19.875	1	0.719054	0.280946	0.999943	0.999943
19.9375	1	0.719042	0.280958	0.999944	0.999944
20	1	0.71903	0.28097	0.999944	0.999944
20.0625	1	0.719018	0.280982	0.999945	0.999945
20.125	1	0.719007	0.280993	0.999945	0.999945
20.1875	1	0.718995	0.281005	0.999946	0.999946
20.25	1	0.718984	0.281016	0.999946	0.999946
20.3125	1	0.718972	0.281028	0.999946	0.999946
20.375	1	0.718961	0.281039	0.999947	0.999947
20.4375	1	0.718949	0.281051	0.999947	0.999947
20.5	1	0.718938	0.281062	0.999948	0.999948
20.5625	1	0.718927	0.281073	0.999948	0.999948
20.625	1	0.718916	0.281084	0.999948	0.999948
20.6875	1	0.718905	0.281095	0.999949	0.999949
20.75	1	0.718894	0.281106	0.999949	0.999949
20.8125	1	0.718883	0.281117	0.999949	0.999949
20.875	1	0.718872	0.281128	0.99995	0.99995
20.9375	1	0.718861	0.281139	0.99995	0.99995
21	1	0.71885	0.28115	0.999951	0.999951
21.0625	1	0.718839	0.281161	0.999951	0.999951
21.125	1	0.718828	0.281172	0.999951	0.999951
21.1875	1	0.718818	0.281182	0.999952	0.999952
21.25	1	0.718807	0.281193	0.999952	0.999952
21.3125	1	0.718796	0.281204	0.999952	0.999952
21.375	1	0.718786	0.281214	0.999953	0.999953
21.4375	1	0.718775	0.281225	0.999953	0.999953
21.5	1	0.718765	0.281235	0.999953	0.999953
21.5625	1	0.718755	0.281245	0.999954	0.999954
21.625	1	0.718744	0.281256	0.999954	0.999954
21.6875	1	0.718734	0.281266	0.999954	0.999954
21.75	1	0.718724	0.281276	0.999955	0.999955
21.8125	1	0.718714	0.281286	0.999955	0.999955
21.875	1	0.718703	0.281297	0.999955	0.999955
21.9375	1	0.718693	0.281307	0.999956	0.999956
22	1	0.718683	0.281317	0.999956	0.999956
22.0625	1	0.718673	0.281327	0.999956	0.999956
22.125	1	0.718663	0.281337	0.999956	0.999956
22.1875	1	0.718654	0.281346	0.999957	0.999957
22.25	1	0.718644	0.281356	0.999957	0.999957
22.3125	1	0.718634	0.281366	0.999957	0.999957
22.375	1	0.718624	0.281376	0.999958	0.999958
22.4375	1	0.718614	0.281386	0.999958	0.999958
22.5	1	0.718605	0.281395	0.999958	0.999958
22.5625	1	0.718595	0.281405	0.999958	0.999958
22.625	1	0.718585	0.281415	0.999959	0.999959
22.6875	1	0.718576	0.281424	0.999959	0.999959
22.75	1	0.718566	0.281434	0.999959	0.999959
22.8125	1	0.718557	0.281443	0.999959	0.999959
22.875	1	0.718547	0.281453	0.99996	0.99996
22.9375	1	0.718538	0.281462	0.99996	0.99996
23	1	0.718529	0.281471	0.99996	0.99996
23.0625	1	0.718519	0.281481	0.99996	0.99996
23.125	1	0.71851	0.28149	0.999961	0.999961
23.1875	1	0.718501	0.281499	0.999961	0.999961
23.25	1	0.718492	0.281508	0.999961	0.999961
23.3125	1	0.718483	0.281517	0.999961	0.999961
23.375	1	0.718473	0.281526	0.999962	0.999962
23.4375	1	0.718464	0.281536	0.999962	0.999962
23.5	1	0.718455	0.281545	0.999962	0.999962
23.5625	1	0.718446	0.281554	0.999962	0.999962
23.625	1	0.718437	0.281563	0.999963	0.999963
23.6875	1	0.718429	0.281571	0.999963	0.999963
23.75	1	0.71842	0.28158	0.999963	0.999963
23.8125	1	0.718411	0.281589	0.999963	0.999963
23.875	1	0.718402	0.281598	0.999964	0.999964
23.9375	1	0.718393	0.281607	0.999964	0.999964
24	1	0.718385	0.281615	0.999964	0.999964
24.0625	1	0.718376	0.281624	0.999964	0.999964
24.125	1	0.718367	0.281633	0.999964	0.999964
24.1875	1	0.718359	0.281641	0.999965	0.999965
24.25	1	0.71835	0.28165	0.999965	0.999965
24.3125	1	0.718341	0.281659	0.999965	0.999965
24.375	1	0.718333	0.281667	0.999965	0.999965
24.4375	1	0.718324	0.281676	0.999965	0.999965
24.5	1	0.718316	0.281684	0.999966	0.999966
24.5625	1	0.718308	0.281692	0.999966	0.999966
24.625	1	0.718299	0.281701	0.999966	0.999966
24.6875	1	0.718291	0.281709	0.999966	0.999966
24.75	1	0.718283	0.281717	0.999966	0.999966
24.8125	1	0.718274	0.281726	0.999967	0.999967
24.875	1	0.718266	0.281734	0.999967	0.999967
24.9375	1	0.718258	0.281742	0.999967	0.999967
25	1	0.71825	0.28175	0.999967	0.999967
25.0625	1	0.718242	0.281758	0.999967	0.999967
25.125	1	0.718233	0.281767	0.999968	0.999968
25.1875	1	0.718225	0.281775	0.999968	0.999968
25.25	1	0.718217	0.281783	0.999968	0.999968
25.3125	1	0.718209	0.281791	0.999968	0.999968
25.375	1	0.718201	0.281799	0.999968	0.999968
25.4375	1	0.718193	0.281807	0.999968	0.999968
25.5	1	0.718185	0.281815	0.999969	0.999969
25.5625	1	0.718177	0.281823	0.999969	0.999969
25.625	1	0.71817	0.28183	0.999969	0.999969
25.6875	1	0.718162	0.281838	0.999969	0.999969
25.75	1	0.718154	0.281846	0.999969	0.999969
25.8125	1	0.718146	0.281854	0.999969	0.999969
25.875	1	0.718138	0.281862	0.99997	0.99997
25.9375	1	0.718131	0.281869	0.99997	0.99997
26	1	0.718123	0.281877	0.99997	0.99997
26.0625	1	0.718115	0.281885	0.99997	0.99997
26.125	1	0.718108	0.281892	0.99997	0.99997
26.1875	1	0.7181	0.2819	0.99997	0.99997
26.25	1	0.718093	0.281907	0.999971	0.999971
26.3125	1	0.718085	0.281915	0.999971	0.999971
26.375	1	0.718077	0.281923	0.999971	0.999971
26.4375	1	0.71807	0.28193	0.999971	0.999971
26.5	1	0.718063	0.281937	0.999971	0.999971
26.5625	1	0.718055	0.281945	0.999971	0.999971
26.625	1	0.718048	0.281952	0.999972	0.999972
26.6875	1	0.71804	0.28196	0.999972	0.999972
26.75	1	0.718033	0.281967	0.999972	0.999972
26.8125	1	0.718026	0.281974	0.999972	0.999972
26.875	1	0.718018	0.281982	0.999972	0.999972
26.9375	1	0.718011	0.281989	0.999972	0.999972
27	1	0.718004	0.281996	0.999972	0.999972
27.0625	1	0.717997	0.282003	0.999973	0.999973
27.125	1	0.717989	0.282011	0.999973	0.999973
27.1875	1	0.717982	0.282018	0.999973	0.999973
27.25	1	0.717975	0.282025	0.999973	0.999973
27.3125	1	0.717968	0.282032	0.999973	0.999973
27.375	1	0.717961	0.282039	0.999973	0.999973
27.4375	1	0.717954	0.282046	0.999973	0.999973
27.5	1	0.717947	0.282053	0.999973	0.999973
27.5625	1	0.71794	0.28206	0.999974	0.999974
27.625	1	0.717933	0.282067	0.999974	0.999974
27.6875	1	0.717926	0.282074	0.999974	0.999974
27.75	1	0.717919	0.282081	0.999974	0.999974
27.8125	1	0.717912	0.282088	0.999974	0.999974
27.875	1	0.717905	0.282095	0.999974	0.999974
27.9375	1	0.717898	0.282102	0.999974	0.999974
28	1	0.717891	0.282109	0.999974	0.999974
28.0625	1	0.717884	0.282116	0.999975	0.999975
28.125	1	0.717878	0.282122	0.999975	0.999975
28.1875	1	0.717871	0.282129	0.999975	0.999975
28.25	1	0.717864	0.282136	0.999975	0.999975
28.3125	1	0.717857	0.282143	0.999975	0.999975
28.375	1	0.717851	0.282149	0.999975	0.999975
28.4375	1	0.717844	0.282156	0.999975	0.999975
28.5	1	0.717837	0.282163	0.999976	0.999976
28.5625	1	0.717831	0.282169	0.999976	0.999976
28.625	1	0.717824	0.282176	0.999976	0.999976
28.6875	1	0.717817	0.282183	0.999976	0.999976
28.75	1	0.717811	0.282189	0.999976	0.999976
28.8125	1	0.717804	0.282196	0.999976	0.999976
28.875	1	0.717798	0.282202	0.999976	0.999976
28.9375	1	0.717791	0.282209	0.999976	0.999976
29	1	0.717785	0.282215	0.999976	0.999976
29.0625	1	0.717778	0.282222	0.999977	0.999977
29.125	1	0.717772	0.282228	0.999977	0.999977
29.1875	1	0.717765	0.282235	0.999977	0.999977
29.25	1	0.717759	0.282241	0.999977	0.999977
29.3125	1	0.717753	0.282247	0.999977	0.999977
29.375	1	0.717746	0.282254	0.999977	0.999977
29.4375	1	0.71774	0.28226	0.999977	0.999977
29.5	1	0.717734	0.282266	0.999977	0.999977
29.5625	1	0.717727	0.282273	0.999977	0.999977
29.625	1	0.717721	0.282279	0.999977	0.999977
29.6875	1	0.717715	0.282285	0.999978	0.999978
29.75	1	0.717708	0.282292	0.999978	0.999978
29.8125	1	0.717702	0.282298	0.999978	0.999978
29.875	1	0.717696	0.282304	0.999978	0.999978
29.9375	1	0.71769	0.28231	0.999978	0.999978
30	1	0.717684	0.282316	0.999978	0.999978
