Time	Combined adopter fraction[eu]	Adopter Fraction[eu,p1]	Adopter Fraction[eu,p2]	Adopter Fraction[sp,p1]	Adopter Fraction[sp,p2]
0	0	0	0	0	0
0.0625	0.0003125	0.0003125	0	0.0003125	0
0.125	0.000599003	0.000599003	0	0.000599003	0
0.1875	0.00117416	0.000861848	0.000312313	0.000861829	0.000312313
0.25	0.00170186	0.00110318	0.000598682	0.00110309	0.000598682
0.3125	0.00218645	0.00132498	0.000861469	0.00132474	0.000861451
0.375	0.00263198	0.00152915	0.00110283	0.00152861	0.00110274
0.4375	0.00304224	0.00171748	0.00132476	0.00171644	0.00132452
0.5	0.00342079	0.00189165	0.00152913	0.00188983	0.00152861
0.5625	0.00377101	0.00205329	0.00171773	0.00205031	0.00171673
0.625	0.00409609	0.00220389	0.0018922	0.00219928	0.00189047
0.6875	0.004399	0.00234487	0.00205413	0.00233806	0.00205132
0.75	0.00468252	0.00247754	0.00220498	0.00246784	0.00220067
0.8125	0.0049492	0.00260309	0.00234611	0.00258973	0.00233979
0.875	0.0052014	0.00272263	0.00247876	0.00270473	0.00246984
0.9375	0.00544126	0.00283716	0.0026041	0.00281375	0.00259188
1	0.00567072	0.00294755	0.00272317	0.0029176	0.00270688
1.0625	0.00589153	0.00305462	0.00283691	0.00301703	0.00281572
1.125	0.00610526	0.00315908	0.00294618	0.00311269	0.00291919
1.1875	0.0063133	0.00326156	0.00305174	0.00320517	0.00301798
1.25	0.0065169	0.00336264	0.00315426	0.00329502	0.00311273
1.3125	0.00671716	0.00346281	0.00325435	0.00338271	0.00320403
1.375	0.00691506	0.00356251	0.00335255	0.00346865	0.00329237
1.4375	0.00711149	0.00366215	0.00344934	0.00355325	0.0033782
1.5	0.0073072	0.00376207	0.00354514	0.00363684	0.00346195
1.5625	0.00750289	0.00386259	0.00364031	0.00371973	0.00354398
1.625	0.00769918	0.00396399	0.00373519	0.0038022	0.00362461
1.6875	0.0078966	0.00406653	0.00383007	0.00388453	0.00370414
1.75	0.00809567	0.00417044	0.00392523	0.00396693	0.00378283
1.8125	0.00829682	0.00427595	0.00402088	0.00404962	0.00386093
1.875	0.00850049	0.00438324	0.00411725	0.00413281	0.00393865
1.9375	0.00870703	0.00449252	0.00421452	0.00421668	0.0040162
2	0.00891682	0.00460396	0.00431286	0.00430141	0.00409375
2.0625	0.00913018	0.00471773	0.00441245	0.00438717	0.00417147
2.125	0.00934744	0.00483401	0.00451343	0.00447411	0.00424951
2.1875	0.0095689	0.00495297	0.00461593	0.00456238	0.00432803
2.25	0.00979486	0.00507477	0.0047201	0.00465215	0.00440714
2.3125	0.0100256	0.00519957	0.00482605	0.00474355	0.00448699
2.375	0.0102615	0.00532756	0.00493391	0.00483674	0.00456769
2.4375	0.0105027	0.00545891	0.0050438	0.00493186	0.00464935
2.5	0.0107496	0.0055938	0.00515584	0.00502906	0.0047321
2.5625	0.0110026	0.00573241	0.00527015	0.0051285	0.00481604
2.625	0.0112618	0.00587496	0.00538685	0.00523032	0.00490128
2.6875	0.0115277	0.00602165	0.00550606	0.0053347	0.00498793
2.75	0.0118006	0.00617269	0.0056279	0.00544179	0.00507609
2.8125	0.0120808	0.00632833	0.0057525	0.00555178	0.00516589
2.875	0.0123688	0.00648881	0.00588	0.00566486	0.00525742
2.9375	0.0126649	0.00665439	0.00601053	0.00578121	0.0053508
3	0.0129696	0.00682538	0.00614424	0.00590105	0.00544616
3.0625	0.0132833	0.00700205	0.00628128	0.0060246	0.00554361
3.125	0.0136066	0.00718476	0.00642181	0.0061521	0.00564329
3.1875	0.0139398	0.00737384	0.006566	0.0062838	0.00574531
3.25	0.0142837	0.00756969	0.00671403	0.00641997	0.00584983
3.3125	0.0146388	0.0077727	0.00686609	0.00656091	0.005957
3.375	0.0150057	0.00798333	0.00702238	0.00670693	0.00606696
3.4375	0.0153852	0.00820206	0.00718312	0.00685839	0.00617989
3.5	0.0157779	0.0084294	0.00734853	0.00701566	0.00629596
3.5625	0.0161848	0.00866593	0.00751887	0.00717913	0.00641536
3.625	0.0166067	0.00891227	0.0076944	0.00734926	0.00653829
3.6875	0.0170445	0.00916909	0.00787538	0.00752653	0.00666496
3.75	0.0174993	0.00943712	0.00806214	0.00771145	0.0067956
3.8125	0.0179721	0.00971717	0.00825497	0.00790462	0.00693046
3.875	0.0184644	0.0100101	0.00845424	0.00810666	0.00706981
3.9375	0.0189772	0.0103169	0.00866031	0.00831826	0.00721392
4	0.0195122	0.0106387	0.00887357	0.00854019	0.0073631
4.0625	0.0194581	0.0106701	0.00878805	0.00846576	0.00721015
4.125	0.0194101	0.0107061	0.00870398	0.00839679	0.00706208
4.1875	0.019368	0.0107467	0.00862128	0.00833327	0.00691872
4.25	0.0193321	0.0107923	0.00853985	0.00827522	0.00677989
4.3125	0.0193024	0.0108428	0.0084596	0.00822265	0.00664543
4.375	0.019279	0.0108986	0.00838046	0.00817561	0.00651519
4.4375	0.0192622	0.0109598	0.00830237	0.00813414	0.00638901
4.5	0.019252	0.0110268	0.00822525	0.00809833	0.00626676
4.5625	0.0192487	0.0110997	0.00814905	0.00806825	0.0061483
4.625	0.0192526	0.0111789	0.00807373	0.00804401	0.0060335
4.6875	0.019264	0.0112648	0.00799923	0.00802576	0.00592224
4.75	0.0192832	0.0113577	0.00792551	0.00801363	0.00581439
4.8125	0.0193106	0.0114581	0.00785254	0.00800781	0.00570984
4.875	0.0193466	0.0115663	0.00778028	0.0080085	0.00560849
4.9375	0.0193917	0.011683	0.0077087	0.00801594	0.00551025
5	0.0194464	0.0118086	0.00763778	0.0080304	0.005415
5.0625	0.0195113	0.0119439	0.00756748	0.00805219	0.00532267
5.125	0.0195872	0.0120894	0.0074978	0.00808164	0.00523316
5.1875	0.0196746	0.0122459	0.00742871	0.00811916	0.00514641
5.25	0.0197744	0.0124142	0.0073602	0.00816517	0.00506234
5.3125	0.0198876	0.0125953	0.00729225	0.00822019	0.00498088
5.375	0.020015	0.0127902	0.00722484	0.00828477	0.00490196
5.4375	0.0201579	0.0129999	0.00715798	0.00835954	0.00482554
5.5	0.0203175	0.0132258	0.00709165	0.00844521	0.00475155
5.5625	0.020495	0.0134692	0.00702585	0.0085426	0.00467996
5.625	0.0206922	0.0137317	0.00696056	0.00865261	0.00461071
5.6875	0.0209107	0.0140149	0.00689579	0.00877626	0.00454377
5.75	0.0211524	0.0143209	0.00683153	0.00891472	0.00447912
5.8125	0.0214196	0.0146518	0.00676778	0.00906931	0.00441672
5.875	0.0217146	0.0150101	0.00670454	0.00924153	0.00435655
5.9375	0.0220403	0.0153985	0.00664181	0.0094331	0.0042986
6	0.0223997	0.0158201	0.00657958	0.00964596	0.00424287
6.0625	0.0227965	0.0162786	0.00651785	0.00988236	0.00418934
6.125	0.0232346	0.016778	0.00645663	0.0101449	0.00413803
6.1875	0.0237188	0.0173229	0.00639591	0.0104364	0.00408895
6.25	0.0242543	0.0179186	0.00633569	0.0107605	0.00404212
6.3125	0.0248473	0.0185713	0.00627597	0.011121	0.00399756
6.375	0.0255048	0.019288	0.00621673	0.0115227	0.00395531
6.4375	0.026235	0.020077	0.00615798	0.0119708	0.00391541
6.5	0.0270475	0.0209478	0.00609969	0.0124717	0.00387793
6.5625	0.0279534	0.0219115	0.00604187	0.013033	0.00384293
6.625	0.0289658	0.0229813	0.00598448	0.0136633	0.00381049
6.6875	0.0301002	0.0241726	0.00592752	0.0143733	0.0037807
6.75	0.0313747	0.0255038	0.00587094	0.0151754	0.00375366
6.8125	0.0328113	0.0269966	0.00581473	0.0160847	0.0037295
6.875	0.0344359	0.0286771	0.00575882	0.0171192	0.00370835
6.9375	0.0362798	0.0305766	0.00570318	0.0183008	0.00369036
7	0.0383808	0.032733	0.00564774	0.0196562	0.00367572
7.0625	0.0407846	0.0351922	0.00559244	0.021218	0.0036646
7.125	0.0435472	0.03801	0.00553719	0.0230263	0.00365722
7.1875	0.046737	0.0412551	0.0054819	0.0251306	0.00365381
7.25	0.0504381	0.0450117	0.00542647	0.0275921	0.00365461
7.3125	0.0547545	0.0493838	0.00537079	0.0304875	0.00365989
7.375	0.0598149	0.0545002	0.00531472	0.0339122	0.0036699
7.4375	0.065779	0.0605208	0.00525816	0.0379862	0.00368491
7.5	0.0728452	0.0676442	0.00520097	0.04286	0.00370518
7.5625	0.0812599	0.0761169	0.00514303	0.0487232	0.00373092
7.625	0.091328	0.0862437	0.00508424	0.0558135	0.00376229
7.6875	0.103424	0.0983998	0.00502451	0.0644288	0.00379935
7.75	0.118005	0.113041	0.00496376	0.0749397	0.00384202
7.8125	0.135617	0.130715	0.00490192	0.0878026	0.00389003
7.875	0.1569	0.152061	0.00483889	0.103571	0.00394284
7.9375	0.182576	0.177801	0.00477448	0.122903	0.00399955
8	0.213416	0.208707	0.00470834	0.146551	0.00405884
8.0625	0.250176	0.245536	0.00463982	0.175341	0.00411888
8.125	0.293488	0.28892	0.00456785	0.210111	0.00417724
8.1875	0.343698	0.339208	0.00449079	0.251611	0.00423088
8.25	0.400672	0.396265	0.00440643	0.300343	0.00427615
8.3125	0.463591	0.459279	0.00431211	0.356369	0.0043089
8.375	0.530829	0.526624	0.00420501	0.419089	0.00432477
8.4375	0.599973	0.59589	0.0040827	0.487077	0.00431952
8.5	0.668079	0.664136	0.00394367	0.558051	0.00428957
8.5625	0.732134	0.728346	0.0037879	0.629069	0.00423253
8.625	0.789594	0.785977	0.00361696	0.696949	0.00414765
8.6875	0.838817	0.835384	0.00343386	0.758833	0.00403598
8.75	0.879224	0.875982	0.0032425	0.812685	0.0039003
8.8125	0.911169	0.908122	0.00304708	0.857549	0.00374465
8.875	0.935639	0.932787	0.00285153	0.893506	0.0035738
8.9375	0.953908	0.951249	0.00265919	0.921396	0.00339266
9	0.96728	0.964807	0.00247265	0.942464	0.00320582
9.0625	0.976919	0.974625	0.00229376	0.958059	0.00301726
9.125	0.983791	0.981667	0.00212371	0.969433	0.00283023
9.1875	0.988649	0.986686	0.00196321	0.977643	0.00264726
9.25	0.992065	0.990252	0.00181254	0.983534	0.00247019
9.3125	0.994456	0.992785	0.0016717	0.987748	0.00230034
9.375	0.996126	0.994586	0.00154051	0.990763	0.00213853
9.4375	0.99729	0.995872	0.00141863	0.992925	0.00198525
9.5	0.998101	0.996795	0.00130564	0.994485	0.0018407
9.5625	0.998666	0.997465	0.00120107	0.995618	0.0017049
9.625	0.999059	0.997955	0.00110443	0.996449	0.00157771
9.6875	0.999333	0.998318	0.00101522	0.997068	0.00145889
9.75	0.999525	0.998592	0.000932951	0.997534	0.0013481
9.8125	0.999659	0.998802	0.000857135	0.997892	0.00124501
9.875	0.999753	0.998965	0.000787314	0.998172	0.00114921
9.9375	0.999819	0.999096	0.000723048	0.998395	0.00106031
10	0.999866	0.999202	0.000663922	0.998577	0.000977894
10.0625	0.999899	0.999289	0.000609547	0.998727	0.000901568
10.125	0.999923	0.999363	0.000559556	0.998853	0.000830938
10.1875	0.99994	0.999426	0.00051361	0.998961	0.000765626
10.25	0.999952	0.999481	0.000471392	0.999055	0.00070527
10.3125	0.999962	0.999529	0.000432608	0.999137	0.000649525
10.375	0.999969	0.999572	0.000396985	0.99921	0.000598063
10.4375	0.999974	0.999609	0.000364271	0.999275	0.000550576
10.5	0.999978	0.999643	0.000334232	0.999334	0.000506774
10.5625	0.999981	0.999674	0.000306654	0.999387	0.000466385
10.625	0.999983	0.999702	0.000281337	0.999435	0.000429155
10.6875	0.999985	0.999727	0.000258099	0.999479	0.000394847
10.75	0.999987	0.99975	0.000236771	0.999519	0.000363238
10.8125	0.999988	0.999771	0.000217197	0.999555	0.000334124
10.875	0.999989	0.99979	0.000199234	0.999589	0.000307313
10.9375	0.99999	0.999807	0.000182752	0.999619	0.000282627
11	0.999991	0.999823	0.000167628	0.999647	0.000259903
11.0625	0.999992	0.999838	0.000153752	0.999673	0.000238987
11.125	0.999992	0.999851	0.000141021	0.999697	0.000219738
11.1875	0.999993	0.999864	0.000129341	0.999719	0.000202027
11.25	0.999993	0.999875	0.000118627	0.999739	0.000185731
11.3125	0.999994	0.999885	0.000108797	0.999757	0.000170741
11.375	0.999994	0.999894	9.9781e-005	0.999774	0.000156951
11.4375	0.999995	0.999903	9.15102e-005	0.99979	0.000144269
11.5	0.999995	0.999911	8.39237e-005	0.999805	0.000132605
11.5625	0.999995	0.999918	7.69651e-005	0.999818	0.000121879
11.625	0.999996	0.999925	7.05825e-005	0.99983	0.000112016
11.6875	0.999996	0.999931	6.47284e-005	0.999842	0.000102948
11.75	0.999996	0.999937	5.93592e-005	0.999852	9.46103e-005
11.8125	0.999996	0.999942	5.44347e-005	0.999862	8.69454e-005
11.875	0.999996	0.999947	4.99183e-005	0.999871	7.98991e-005
11.9375	0.999997	0.999951	4.57762e-005	0.999879	7.34219e-005
12	0.999997	0.999955	4.19774e-005	0.999887	6.74681e-005
12.0625	0.999997	0.999958	3.84935e-005	0.999894	6.19957e-005
12.125	0.999997	0.999962	3.52985e-005	0.9999	5.69659e-005
12.1875	0.999997	0.999965	3.23685e-005	0.999906	5.23432e-005
12.25	0.999997	0.999968	2.96814e-005	0.999912	4.80948e-005
12.3125	0.999997	0.99997	2.72173e-005	0.999917	4.41905e-005
12.375	0.999998	0.999973	2.49575e-005	0.999922	4.06025e-005
12.4375	0.999998	0.999975	2.28853e-005	0.999926	3.73053e-005
12.5	0.999998	0.999977	2.0985e-005	0.999931	3.42755e-005
12.5625	0.999998	0.999979	1.92424e-005	0.999934	3.14914e-005
12.625	0.999998	0.99998	1.76444e-005	0.999938	2.89331e-005
12.6875	0.999998	0.999982	1.6179e-005	0.999941	2.65824e-005
12.75	0.999998	0.999983	1.48353e-005	0.999944	2.44226e-005
12.8125	0.999998	0.999985	1.36031e-005	0.999947	2.24381e-005
12.875	0.999998	0.999986	1.24733e-005	0.99995	2.06147e-005
12.9375	0.999998	0.999987	1.14372e-005	0.999952	1.89394e-005
13	0.999998	0.999988	1.04871e-005	0.999955	1.74002e-005
13.0625	0.999999	0.999989	9.61597e-006	0.999957	1.5986e-005
13.125	0.999999	0.99999	8.81714e-006	0.999959	1.46867e-005
13.1875	0.999999	0.999991	8.08466e-006	0.999961	1.34931e-005
13.25	0.999999	0.999991	7.41301e-006	0.999962	1.23964e-005
13.3125	0.999999	0.999992	6.79714e-006	0.999964	1.13889e-005
13.375	0.999999	0.999993	6.23242e-006	0.999965	1.04632e-005
13.4375	0.999999	0.999993	5.71461e-006	0.999967	9.61285e-006
13.5	0.999999	0.999994	5.2398e-006	0.999968	8.83161e-006
13.5625	0.999999	0.999994	4.80444e-006	0.999969	8.11388e-006
13.625	0.999999	0.999995	4.40525e-006	0.999971	7.45451e-006
13.6875	0.999999	0.999995	4.03921e-006	0.999972	6.84876e-006
13.75	0.999999	0.999995	3.70359e-006	0.999973	6.29226e-006
13.8125	0.999999	0.999996	3.39584e-006	0.999974	5.78102e-006
13.875	0.999999	0.999996	3.11367e-006	0.999975	5.31135e-006
13.9375	0.999999	0.999996	2.85494e-006	0.999976	4.87987e-006
14	0.999999	0.999996	2.6177e-006	0.999976	4.48348e-006
14.0625	0.999999	0.999997	2.40018e-006	0.999977	4.11932e-006
14.125	0.999999	0.999997	2.20073e-006	0.999978	3.78477e-006
14.1875	0.999999	0.999997	2.01785e-006	0.999979	3.47743e-006
14.25	0.999999	0.999997	1.85017e-006	0.999979	3.19508e-006
14.3125	0.999999	0.999998	1.69642e-006	0.99998	2.93568e-006
14.375	0.999999	0.999998	1.55545e-006	0.99998	2.69737e-006
14.4375	0.999999	0.999998	1.42619e-006	0.999981	2.47844e-006
14.5	0.999999	0.999998	1.30767e-006	0.999981	2.2773e-006
14.5625	0.999999	0.999998	1.199e-006	0.999982	2.09252e-006
14.625	0.999999	0.999998	1.09936e-006	0.999982	1.92275e-006
14.6875	0.999999	0.999998	1.008e-006	0.999983	1.76678e-006
14.75	0.999999	0.999998	9.24236e-007	0.999983	1.62349e-006
14.8125	0.999999	0.999999	8.47431e-007	0.999984	1.49184e-006
14.875	0.999999	0.999999	7.77008e-007	0.999984	1.37089e-006
14.9375	0.999999	0.999999	7.12438e-007	0.999984	1.25976e-006
15	0.999999	0.999999	6.53234e-007	0.999985	1.15766e-006
15.0625	0.999999	0.999999	5.98949e-007	0.999985	1.06386e-006
15.125	0.999999	0.999999	5.49177e-007	0.999985	9.77668e-007
15.1875	1	0.999999	5.0354e-007	0.999986	8.98479e-007
15.25	1	0.999999	4.61696e-007	0.999986	8.25719e-007
15.3125	1	0.999999	4.2333e-007	0.999986	7.58865e-007
15.375	1	0.999999	3.88152e-007	0.999987	6.97438e-007
15.4375	1	0.999999	3.55897e-007	0.999987	6.40996e-007
15.5	1	0.999999	3.26323e-007	0.999987	5.89134e-007
15.5625	1	0.999999	2.99207e-007	0.999987	5.4148e-007
15.625	1	0.999999	2.74345e-007	0.999988	4.97691e-007
15.6875	1	0.999999	2.51548e-007	0.999988	4.57453e-007
15.75	1	0.999999	2.30587e-007	0.999988	4.20477e-007
15.8125	1	0.999999	2.11372e-007	0.999988	3.865e-007
15.875	1	0.999999	1.93758e-007	0.999988	3.55276e-007
15.9375	1	0.999999	1.77612e-007	0.999989	3.26582e-007
16	1	0.999999	1.62812e-007	0.999989	3.00213e-007
16.0625	1	0.999999	1.49245e-007	0.999989	2.7598e-007
16.125	1	1	1.36808e-007	0.999989	2.53709e-007
16.1875	1	1	1.25408e-007	0.999989	2.33241e-007
16.25	1	1	1.14958e-007	0.99999	2.14431e-007
16.3125	1	1	1.05378e-007	0.99999	1.97142e-007
16.375	1	1	9.65971e-008	0.99999	1.81253e-007
16.4375	1	1	8.85476e-008	0.99999	1.66648e-007
16.5	1	1	8.11689e-008	0.99999	1.53225e-007
16.5625	1	1	7.44051e-008	0.99999	1.40887e-007
16.625	1	1	6.82049e-008	0.99999	1.29546e-007
16.6875	1	1	6.25213e-008	0.999991	1.19122e-007
16.75	1	1	5.73114e-008	0.999991	1.0954e-007
16.8125	1	1	5.25356e-008	0.999991	1.00732e-007
16.875	1	1	4.81578e-008	0.999991	9.26347e-008
16.9375	1	1	4.41447e-008	0.999991	8.51912e-008
17	1	1	4.04661e-008	0.999991	7.83484e-008
17.0625	1	1	3.70941e-008	0.999991	7.20576e-008
17.125	1	1	3.4003e-008	0.999991	6.62741e-008
17.1875	1	1	3.11695e-008	0.999992	6.09569e-008
17.25	1	1	2.85721e-008	0.999992	5.60682e-008
17.3125	1	1	2.61912e-008	0.999992	5.15735e-008
17.375	1	1	2.40086e-008	0.999992	4.74407e-008
17.4375	1	1	2.2008e-008	0.999992	4.36408e-008
17.5	1	1	2.0174e-008	0.999992	4.01466e-008
17.5625	1	1	1.84929e-008	0.999992	3.69336e-008
17.625	1	1	1.69519e-008	0.999992	3.39791e-008
17.6875	1	1	1.55393e-008	0.999992	3.12621e-008
17.75	1	1	1.42444e-008	0.999992	2.87635e-008
17.8125	1	1	1.30574e-008	0.999993	2.64657e-008
17.875	1	1	1.19693e-008	0.999993	2.43524e-008
17.9375	1	1	1.09719e-008	0.999993	2.24087e-008
18	1	1	1.00576e-008	0.999993	2.06211e-008
18.0625	1	1	9.21945e-009	0.999993	1.89769e-008
18.125	1	1	8.45119e-009	0.999993	1.74645e-008
18.1875	1	1	7.74694e-009	0.999993	1.60733e-008
18.25	1	1	7.10138e-009	0.999993	1.47339e-008
18.3125	1	1	6.50961e-009	0.999993	1.35061e-008
18.375	1	1	5.96716e-009	0.999993	1.23806e-008
18.4375	1	1	5.4699e-009	0.999993	1.13489e-008
18.5	1	1	5.01409e-009	0.999993	1.04032e-008
18.5625	1	1	4.59626e-009	0.999994	9.5363e-009
18.625	1	1	4.21325e-009	0.999994	8.74163e-009
18.6875	1	1	3.86215e-009	0.999994	8.01318e-009
18.75	1	1	3.54031e-009	0.999994	7.34543e-009
18.8125	1	1	3.24529e-009	0.999994	6.73332e-009
18.875	1	1	2.97486e-009	0.999994	6.17222e-009
18.9375	1	1	2.72696e-009	0.999994	5.65788e-009
19	1	1	2.49972e-009	0.999994	5.1864e-009
19.0625	1	1	2.29141e-009	0.999994	4.75421e-009
19.125	1	1	2.10046e-009	0.999994	4.35804e-009
19.1875	1	1	1.92543e-009	0.999994	3.99487e-009
19.25	1	1	1.76498e-009	0.999994	3.66198e-009
19.3125	1	1	1.6179e-009	0.999994	3.35682e-009
19.375	1	1	1.48308e-009	0.999994	3.07709e-009
19.4375	1	1	1.35949e-009	0.999994	2.82067e-009
19.5	1	1	1.2462e-009	0.999994	2.58562e-009
19.5625	1	1	1.14236e-009	0.999995	2.37015e-009
19.625	1	1	1.04716e-009	0.999995	2.17265e-009
19.6875	1	1	9.59899e-010	0.999995	1.9916e-009
19.75	1	1	8.79909e-010	0.999995	1.82563e-009
19.8125	1	1	8.06585e-010	0.999995	1.6735e-009
19.875	1	1	7.39371e-010	0.999995	1.53404e-009
19.9375	1	1	7.3937e-010	0.999995	1.40621e-009
20	1	1	7.39368e-010	0.999995	1.28903e-009
